  12 Wind speed [m/s]          Pitch [deg]
  0.3000000000000000E+01  0.3340830918498007E+00
  0.4000000000000000E+01 -0.1179364664752159E+01
  0.5000000000000000E+01 -0.1179362008878442E+01
  0.6000000000000000E+01 -0.1179362010472857E+01
  0.7000000000000000E+01 -0.1179362010476988E+01
  0.8000000000000000E+01 -0.1179362010475627E+01
  0.9000000000000000E+01 -0.1179362010479628E+01
  0.1000000000000000E+02 -0.1179362010479231E+01
  0.1100000000000000E+02  0.3343599477059802E+01
  0.1200000000000000E+02  0.6081737721765209E+01
  0.1300000000000000E+02  0.8036302937463482E+01
  50.0                   0.000000