1 Give the number of main sets
#1 Specify that we are giving the first main set
$1 66 This specifies that this is the first sub-set and that subset has the number of rows, indicated by the second number
0	2.0787E+04	0.00E+00	0.00E+00	3.6838	3.6838	0.00E+00	0.00E+00	1.00E+00	1.00E+00	7.5465E+12	7.5465E+12	5.6994E+12	0.1914	0.1914	5.5609E+11	0.00E+00	0.00E+00	0.00E+00
0.5	2.0787E+04	0.00E+00	0.00E+00	3.6838	3.6838	0.00E+00	0.00E+00	1.00E+00	1.00E+00	7.5465E+12	7.5465E+12	5.6994E+12	0.1914	0.1914	5.5609E+11	0.00E+00	0.00E+00	0.00E+00
1.5	2.0787E+04	0.00E+00	0.00E+00	3.6838	3.6838	0.00E+00	0.00E+00	1.00E+00	1.00E+00	7.5465E+12	7.5465E+12	5.6994E+12	0.1914	0.1914	5.5609E+11	0.00E+00	0.00E+00	0.00E+00
2.5	2.0787E+04	0.00E+00	0.00E+00	3.6838	3.6838	0.00E+00	0.00E+00	1.00E+00	1.00E+00	7.5465E+12	7.5465E+12	5.6994E+12	0.1914	0.1914	5.5609E+11	0.00E+00	0.00E+00	0.00E+00
3.5	2.0787E+04	0.00E+00	0.00E+00	3.6838	3.6838	0.00E+00	0.00E+00	1.00E+00	1.00E+00	7.5465E+12	7.5465E+12	5.6994E+12	0.1914	0.1914	5.5609E+11	0.00E+00	0.00E+00	0.00E+00
4.5	2.0787E+04	0.00E+00	0.00E+00	3.6838	3.6838	0.00E+00	0.00E+00	1.00E+00	1.00E+00	7.5465E+12	7.5465E+12	5.6994E+12	0.1914	0.1914	5.5609E+11	0.00E+00	0.00E+00	0.00E+00
5.5	2.0787E+04	0.00E+00	0.00E+00	3.6838	3.6838	0.00E+00	0.00E+00	1.00E+00	1.00E+00	7.5465E+12	7.5465E+12	5.6994E+12	0.1914	0.1914	5.5609E+11	0.00E+00	0.00E+00	0.00E+00
6.5	2.0787E+04	0.00E+00	0.00E+00	3.6838	3.6838	0.00E+00	0.00E+00	1.00E+00	1.00E+00	7.5465E+12	7.5465E+12	5.6994E+12	0.1914	0.1914	5.5609E+11	0.00E+00	0.00E+00	0.00E+00
7.5	2.0787E+04	0.00E+00	0.00E+00	3.6838	3.6838	0.00E+00	0.00E+00	1.00E+00	1.00E+00	7.5465E+12	7.5465E+12	5.6994E+12	0.1914	0.1914	5.5609E+11	0.00E+00	0.00E+00	0.00E+00
8.5	2.0787E+04	0.00E+00	0.00E+00	3.6838	3.6838	0.00E+00	0.00E+00	1.00E+00	1.00E+00	7.5465E+12	7.5465E+12	5.6994E+12	0.1914	0.1914	5.5609E+11	0.00E+00	0.00E+00	0.00E+00
9.5	2.0252E+04	0.00E+00	0.00E+00	3.6846	3.6846	0.00E+00	0.00E+00	1.00E+00	1.00E+00	7.3550E+12	7.3550E+12	5.5548E+12	0.1914	0.1914	5.4177E+11	0.00E+00	0.00E+00	0.00E+00
10.5	2.0252E+04	0.00E+00	0.00E+00	3.6846	3.6846	0.00E+00	0.00E+00	1.00E+00	1.00E+00	7.3550E+12	7.3550E+12	5.5548E+12	0.1914	0.1914	5.4177E+11	0.00E+00	0.00E+00	0.00E+00
11.5	2.0252E+04	0.00E+00	0.00E+00	3.6846	3.6846	0.00E+00	0.00E+00	1.00E+00	1.00E+00	7.3550E+12	7.3550E+12	5.5548E+12	0.1914	0.1914	5.4177E+11	0.00E+00	0.00E+00	0.00E+00
12.5	2.0252E+04	0.00E+00	0.00E+00	3.6846	3.6846	0.00E+00	0.00E+00	1.00E+00	1.00E+00	7.3550E+12	7.3550E+12	5.5548E+12	0.1914	0.1914	5.4177E+11	0.00E+00	0.00E+00	0.00E+00
13.5	2.0252E+04	0.00E+00	0.00E+00	3.6846	3.6846	0.00E+00	0.00E+00	1.00E+00	1.00E+00	7.3550E+12	7.3550E+12	5.5548E+12	0.1914	0.1914	5.4177E+11	0.00E+00	0.00E+00	0.00E+00
14.5	2.0252E+04	0.00E+00	0.00E+00	3.6846	3.6846	0.00E+00	0.00E+00	1.00E+00	1.00E+00	7.3550E+12	7.3550E+12	5.5548E+12	0.1914	0.1914	5.4177E+11	0.00E+00	0.00E+00	0.00E+00
15.5	2.0252E+04	0.00E+00	0.00E+00	3.6846	3.6846	0.00E+00	0.00E+00	1.00E+00	1.00E+00	7.3550E+12	7.3550E+12	5.5548E+12	0.1914	0.1914	5.4177E+11	0.00E+00	0.00E+00	0.00E+00
16.5	2.0252E+04	0.00E+00	0.00E+00	3.6846	3.6846	0.00E+00	0.00E+00	1.00E+00	1.00E+00	7.3550E+12	7.3550E+12	5.5548E+12	0.1914	0.1914	5.4177E+11	0.00E+00	0.00E+00	0.00E+00
17.5	2.0252E+04	0.00E+00	0.00E+00	3.6846	3.6846	0.00E+00	0.00E+00	1.00E+00	1.00E+00	7.3550E+12	7.3550E+12	5.5548E+12	0.1914	0.1914	5.4177E+11	0.00E+00	0.00E+00	0.00E+00
18.5	2.0252E+04	0.00E+00	0.00E+00	3.6846	3.6846	0.00E+00	0.00E+00	1.00E+00	1.00E+00	7.3550E+12	7.3550E+12	5.5548E+12	0.1914	0.1914	5.4177E+11	0.00E+00	0.00E+00	0.00E+00
19.5	1.9716E+04	0.00E+00	0.00E+00	3.6853	3.6853	0.00E+00	0.00E+00	1.00E+00	1.00E+00	7.1633E+12	7.1633E+12	5.4100E+12	0.1914	0.1914	5.2744E+11	0.00E+00	0.00E+00	0.00E+00
20.5	1.9716E+04	0.00E+00	0.00E+00	3.6853	3.6853	0.00E+00	0.00E+00	1.00E+00	1.00E+00	7.1633E+12	7.1633E+12	5.4100E+12	0.1914	0.1914	5.2744E+11	0.00E+00	0.00E+00	0.00E+00
21.5	1.9716E+04	0.00E+00	0.00E+00	3.6853	3.6853	0.00E+00	0.00E+00	1.00E+00	1.00E+00	7.1633E+12	7.1633E+12	5.4100E+12	0.1914	0.1914	5.2744E+11	0.00E+00	0.00E+00	0.00E+00
22.5	1.9716E+04	0.00E+00	0.00E+00	3.6853	3.6853	0.00E+00	0.00E+00	1.00E+00	1.00E+00	7.1633E+12	7.1633E+12	5.4100E+12	0.1914	0.1914	5.2744E+11	0.00E+00	0.00E+00	0.00E+00
23.5	1.9716E+04	0.00E+00	0.00E+00	3.6853	3.6853	0.00E+00	0.00E+00	1.00E+00	1.00E+00	7.1633E+12	7.1633E+12	5.4100E+12	0.1914	0.1914	5.2744E+11	0.00E+00	0.00E+00	0.00E+00
24.5	1.9716E+04	0.00E+00	0.00E+00	3.6853	3.6853	0.00E+00	0.00E+00	1.00E+00	1.00E+00	7.1633E+12	7.1633E+12	5.4100E+12	0.1914	0.1914	5.2744E+11	0.00E+00	0.00E+00	0.00E+00
25.5	1.9716E+04	0.00E+00	0.00E+00	3.6853	3.6853	0.00E+00	0.00E+00	1.00E+00	1.00E+00	7.1633E+12	7.1633E+12	5.4100E+12	0.1914	0.1914	5.2744E+11	0.00E+00	0.00E+00	0.00E+00
26.5	1.9716E+04	0.00E+00	0.00E+00	3.6853	3.6853	0.00E+00	0.00E+00	1.00E+00	1.00E+00	7.1633E+12	7.1633E+12	5.4100E+12	0.1914	0.1914	5.2744E+11	0.00E+00	0.00E+00	0.00E+00
27.5	1.9716E+04	0.00E+00	0.00E+00	3.6853	3.6853	0.00E+00	0.00E+00	1.00E+00	1.00E+00	7.1633E+12	7.1633E+12	5.4100E+12	0.1914	0.1914	5.2744E+11	0.00E+00	0.00E+00	0.00E+00
28.5	1.9716E+04	0.00E+00	0.00E+00	3.6853	3.6853	0.00E+00	0.00E+00	1.00E+00	1.00E+00	7.1633E+12	7.1633E+12	5.4100E+12	0.1914	0.1914	5.2744E+11	0.00E+00	0.00E+00	0.00E+00
29.5	1.9180E+04	0.00E+00	0.00E+00	3.6860	3.6860	0.00E+00	0.00E+00	1.00E+00	1.00E+00	6.9714E+12	6.9714E+12	5.2650E+12	0.1914	0.1914	5.1310E+11	0.00E+00	0.00E+00	0.00E+00
30.5	1.9180E+04	0.00E+00	0.00E+00	3.6860	3.6860	0.00E+00	0.00E+00	1.00E+00	1.00E+00	6.9714E+12	6.9714E+12	5.2650E+12	0.1914	0.1914	5.1310E+11	0.00E+00	0.00E+00	0.00E+00
31.5	1.9180E+04	0.00E+00	0.00E+00	3.6860	3.6860	0.00E+00	0.00E+00	1.00E+00	1.00E+00	6.9714E+12	6.9714E+12	5.2650E+12	0.1914	0.1914	5.1310E+11	0.00E+00	0.00E+00	0.00E+00
32.5	1.9180E+04	0.00E+00	0.00E+00	3.6860	3.6860	0.00E+00	0.00E+00	1.00E+00	1.00E+00	6.9714E+12	6.9714E+12	5.2650E+12	0.1914	0.1914	5.1310E+11	0.00E+00	0.00E+00	0.00E+00
33.5	1.9180E+04	0.00E+00	0.00E+00	3.6860	3.6860	0.00E+00	0.00E+00	1.00E+00	1.00E+00	6.9714E+12	6.9714E+12	5.2650E+12	0.1914	0.1914	5.1310E+11	0.00E+00	0.00E+00	0.00E+00
34.5	1.9180E+04	0.00E+00	0.00E+00	3.6860	3.6860	0.00E+00	0.00E+00	1.00E+00	1.00E+00	6.9714E+12	6.9714E+12	5.2650E+12	0.1914	0.1914	5.1310E+11	0.00E+00	0.00E+00	0.00E+00
35.5	1.9180E+04	0.00E+00	0.00E+00	3.6860	3.6860	0.00E+00	0.00E+00	1.00E+00	1.00E+00	6.9714E+12	6.9714E+12	5.2650E+12	0.1914	0.1914	5.1310E+11	0.00E+00	0.00E+00	0.00E+00
36.5	1.9180E+04	0.00E+00	0.00E+00	3.6860	3.6860	0.00E+00	0.00E+00	1.00E+00	1.00E+00	6.9714E+12	6.9714E+12	5.2650E+12	0.1914	0.1914	5.1310E+11	0.00E+00	0.00E+00	0.00E+00
37.5	1.9180E+04	0.00E+00	0.00E+00	3.6860	3.6860	0.00E+00	0.00E+00	1.00E+00	1.00E+00	6.9714E+12	6.9714E+12	5.2650E+12	0.1914	0.1914	5.1310E+11	0.00E+00	0.00E+00	0.00E+00
38.5	1.9180E+04	0.00E+00	0.00E+00	3.6860	3.6860	0.00E+00	0.00E+00	1.00E+00	1.00E+00	6.9714E+12	6.9714E+12	5.2650E+12	0.1914	0.1914	5.1310E+11	0.00E+00	0.00E+00	0.00E+00
39.5	1.8644E+04	0.00E+00	0.00E+00	3.6868	3.6868	0.00E+00	0.00E+00	1.00E+00	1.00E+00	6.7792E+12	6.7792E+12	5.1199E+12	0.1914	0.1914	4.9876E+11	0.00E+00	0.00E+00	0.00E+00
40.5	1.8644E+04	0.00E+00	0.00E+00	3.6868	3.6868	0.00E+00	0.00E+00	1.00E+00	1.00E+00	6.7792E+12	6.7792E+12	5.1199E+12	0.1914	0.1914	4.9876E+11	0.00E+00	0.00E+00	0.00E+00
41.5	1.8644E+04	0.00E+00	0.00E+00	3.6868	3.6868	0.00E+00	0.00E+00	1.00E+00	1.00E+00	6.7792E+12	6.7792E+12	5.1199E+12	0.1914	0.1914	4.9876E+11	0.00E+00	0.00E+00	0.00E+00
42.5	1.8644E+04	0.00E+00	0.00E+00	3.6868	3.6868	0.00E+00	0.00E+00	1.00E+00	1.00E+00	6.7792E+12	6.7792E+12	5.1199E+12	0.1914	0.1914	4.9876E+11	0.00E+00	0.00E+00	0.00E+00
43.5	1.8644E+04	0.00E+00	0.00E+00	3.6868	3.6868	0.00E+00	0.00E+00	1.00E+00	1.00E+00	6.7792E+12	6.7792E+12	5.1199E+12	0.1914	0.1914	4.9876E+11	0.00E+00	0.00E+00	0.00E+00
44.5	1.8644E+04	0.00E+00	0.00E+00	3.6868	3.6868	0.00E+00	0.00E+00	1.00E+00	1.00E+00	6.7792E+12	6.7792E+12	5.1199E+12	0.1914	0.1914	4.9876E+11	0.00E+00	0.00E+00	0.00E+00
45.5	1.8644E+04	0.00E+00	0.00E+00	3.6868	3.6868	0.00E+00	0.00E+00	1.00E+00	1.00E+00	6.7792E+12	6.7792E+12	5.1199E+12	0.1914	0.1914	4.9876E+11	0.00E+00	0.00E+00	0.00E+00
46.5	1.8644E+04	0.00E+00	0.00E+00	3.6868	3.6868	0.00E+00	0.00E+00	1.00E+00	1.00E+00	6.7792E+12	6.7792E+12	5.1199E+12	0.1914	0.1914	4.9876E+11	0.00E+00	0.00E+00	0.00E+00
47.5	1.8644E+04	0.00E+00	0.00E+00	3.6868	3.6868	0.00E+00	0.00E+00	1.00E+00	1.00E+00	6.7792E+12	6.7792E+12	5.1199E+12	0.1914	0.1914	4.9876E+11	0.00E+00	0.00E+00	0.00E+00
48.5	1.8644E+04	0.00E+00	0.00E+00	3.6868	3.6868	0.00E+00	0.00E+00	1.00E+00	1.00E+00	6.7792E+12	6.7792E+12	5.1199E+12	0.1914	0.1914	4.9876E+11	0.00E+00	0.00E+00	0.00E+00
49.5	2.3182E+04	0.00E+00	0.00E+00	3.6805	3.6805	0.00E+00	0.00E+00	1.00E+00	1.00E+00	8.4007E+12	8.4007E+12	6.3445E+12	0.1914	0.1914	6.2015E+11	0.00E+00	0.00E+00	0.00E+00
50.5	2.3182E+04	0.00E+00	0.00E+00	3.6805	3.6805	0.00E+00	0.00E+00	1.00E+00	1.00E+00	8.4007E+12	8.4007E+12	6.3445E+12	0.1914	0.1914	6.2015E+11	0.00E+00	0.00E+00	0.00E+00
51.5	2.3182E+04	0.00E+00	0.00E+00	3.6805	3.6805	0.00E+00	0.00E+00	1.00E+00	1.00E+00	8.4007E+12	8.4007E+12	6.3445E+12	0.1914	0.1914	6.2015E+11	0.00E+00	0.00E+00	0.00E+00
52.5	2.3182E+04	0.00E+00	0.00E+00	3.6805	3.6805	0.00E+00	0.00E+00	1.00E+00	1.00E+00	8.4007E+12	8.4007E+12	6.3445E+12	0.1914	0.1914	6.2015E+11	0.00E+00	0.00E+00	0.00E+00
53.5	2.3182E+04	0.00E+00	0.00E+00	3.6805	3.6805	0.00E+00	0.00E+00	1.00E+00	1.00E+00	8.4007E+12	8.4007E+12	6.3445E+12	0.1914	0.1914	6.2015E+11	0.00E+00	0.00E+00	0.00E+00
54.5	2.3182E+04	0.00E+00	0.00E+00	3.6805	3.6805	0.00E+00	0.00E+00	1.00E+00	1.00E+00	8.4007E+12	8.4007E+12	6.3445E+12	0.1914	0.1914	6.2015E+11	0.00E+00	0.00E+00	0.00E+00
55.5	2.3182E+04	0.00E+00	0.00E+00	3.6805	3.6805	0.00E+00	0.00E+00	1.00E+00	1.00E+00	8.4007E+12	8.4007E+12	6.3445E+12	0.1914	0.1914	6.2015E+11	0.00E+00	0.00E+00	0.00E+00
56.5	2.3182E+04	0.00E+00	0.00E+00	3.6805	3.6805	0.00E+00	0.00E+00	1.00E+00	1.00E+00	8.4007E+12	8.4007E+12	6.3445E+12	0.1914	0.1914	6.2015E+11	0.00E+00	0.00E+00	0.00E+00
57.5	2.3182E+04	0.00E+00	0.00E+00	3.6805	3.6805	0.00E+00	0.00E+00	1.00E+00	1.00E+00	8.4007E+12	8.4007E+12	6.3445E+12	0.1914	0.1914	6.2015E+11	0.00E+00	0.00E+00	0.00E+00
58.5	2.3182E+04	0.00E+00	0.00E+00	3.6805	3.6805	0.00E+00	0.00E+00	1.00E+00	1.00E+00	8.4007E+12	8.4007E+12	6.3445E+12	0.1914	0.1914	6.2015E+11	0.00E+00	0.00E+00	0.00E+00
59.5	2.3182E+04	0.00E+00	0.00E+00	3.6805	3.6805	0.00E+00	0.00E+00	1.00E+00	1.00E+00	8.4007E+12	8.4007E+12	6.3445E+12	0.1914	0.1914	6.2015E+11	0.00E+00	0.00E+00	0.00E+00
60.5	2.3182E+04	0.00E+00	0.00E+00	3.6805	3.6805	0.00E+00	0.00E+00	1.00E+00	1.00E+00	8.4007E+12	8.4007E+12	6.3445E+12	0.1914	0.1914	6.2015E+11	0.00E+00	0.00E+00	0.00E+00
61.5	2.3182E+04	0.00E+00	0.00E+00	3.6805	3.6805	0.00E+00	0.00E+00	1.00E+00	1.00E+00	8.4007E+12	8.4007E+12	6.3445E+12	0.1914	0.1914	6.2015E+11	0.00E+00	0.00E+00	0.00E+00
62.5	2.3182E+04	0.00E+00	0.00E+00	3.6805	3.6805	0.00E+00	0.00E+00	1.00E+00	1.00E+00	8.4007E+12	8.4007E+12	6.3445E+12	0.1914	0.1914	6.2015E+11	0.00E+00	0.00E+00	0.00E+00
63.5	2.3182E+04	0.00E+00	0.00E+00	3.6805	3.6805	0.00E+00	0.00E+00	1.00E+00	1.00E+00	8.4007E+12	8.4007E+12	6.3445E+12	0.1914	0.1914	6.2015E+11	0.00E+00	0.00E+00	0.00E+00
64.0	2.3182E+04	0.00E+00	0.00E+00	3.6805	3.6805	0.00E+00	0.00E+00	1.00E+00	1.00E+00	8.4007E+12	8.4007E+12	6.3445E+12	0.1914	0.1914	6.2015E+11	0.00E+00	0.00E+00	0.00E+00
