1 Give the number of main sets
#1 Specify that we are giving the first main set
$1 168 This specifies that this is the first sub-set and that subset has 168 rows
0.0	1.5857E+04	0.00E+00	0.00E+00	3.6906	3.6906	0.00E+00	0.00E+00	1.00E+00	1.00E+00	5.7780E+12	5.7780E+12	4.3638E+12	0.1914	0.1914	4.2421E+11	0.00E+00	0.00E+00	0.00E+00
1.0	1.5857E+04	0.00E+00	0.00E+00	3.6906	3.6906	0.00E+00	0.00E+00	1.00E+00	1.00E+00	5.7780E+12	5.7780E+12	4.3638E+12	0.1914	0.1914	4.2421E+11	0.00E+00	0.00E+00	0.00E+00
2.0	1.5857E+04	0.00E+00	0.00E+00	3.6906	3.6906	0.00E+00	0.00E+00	1.00E+00	1.00E+00	5.7780E+12	5.7780E+12	4.3638E+12	0.1914	0.1914	4.2421E+11	0.00E+00	0.00E+00	0.00E+00
3.0	1.5857E+04	0.00E+00	0.00E+00	3.6906	3.6906	0.00E+00	0.00E+00	1.00E+00	1.00E+00	5.7780E+12	5.7780E+12	4.3638E+12	0.1914	0.1914	4.2421E+11	0.00E+00	0.00E+00	0.00E+00
4.0	1.5857E+04	0.00E+00	0.00E+00	3.6906	3.6906	0.00E+00	0.00E+00	1.00E+00	1.00E+00	5.7780E+12	5.7780E+12	4.3638E+12	0.1914	0.1914	4.2421E+11	0.00E+00	0.00E+00	0.00E+00
5.0	1.5857E+04	0.00E+00	0.00E+00	3.6906	3.6906	0.00E+00	0.00E+00	1.00E+00	1.00E+00	5.7780E+12	5.7780E+12	4.3638E+12	0.1914	0.1914	4.2421E+11	0.00E+00	0.00E+00	0.00E+00
6.0	1.5422E+04	0.00E+00	0.00E+00	3.6912	3.6912	0.00E+00	0.00E+00	1.00E+00	1.00E+00	5.6213E+12	5.6213E+12	4.2454E+12	0.1914	0.1914	4.1257E+11	0.00E+00	0.00E+00	0.00E+00
7.0	1.5422E+04	0.00E+00	0.00E+00	3.6912	3.6912	0.00E+00	0.00E+00	1.00E+00	1.00E+00	5.6213E+12	5.6213E+12	4.2454E+12	0.1914	0.1914	4.1257E+11	0.00E+00	0.00E+00	0.00E+00
8.0	1.5422E+04	0.00E+00	0.00E+00	3.6912	3.6912	0.00E+00	0.00E+00	1.00E+00	1.00E+00	5.6213E+12	5.6213E+12	4.2454E+12	0.1914	0.1914	4.1257E+11	0.00E+00	0.00E+00	0.00E+00
9.0	1.5422E+04	0.00E+00	0.00E+00	3.6912	3.6912	0.00E+00	0.00E+00	1.00E+00	1.00E+00	5.6213E+12	5.6213E+12	4.2454E+12	0.1914	0.1914	4.1257E+11	0.00E+00	0.00E+00	0.00E+00
10.0	1.5422E+04	0.00E+00	0.00E+00	3.6912	3.6912	0.00E+00	0.00E+00	1.00E+00	1.00E+00	5.6213E+12	5.6213E+12	4.2454E+12	0.1914	0.1914	4.1257E+11	0.00E+00	0.00E+00	0.00E+00
11.0	1.5422E+04	0.00E+00	0.00E+00	3.6912	3.6912	0.00E+00	0.00E+00	1.00E+00	1.00E+00	5.6213E+12	5.6213E+12	4.2454E+12	0.1914	0.1914	4.1257E+11	0.00E+00	0.00E+00	0.00E+00
12.0	1.4987E+04	0.00E+00	0.00E+00	3.6918	3.6918	0.00E+00	0.00E+00	1.00E+00	1.00E+00	5.4644E+12	5.4644E+12	4.1269E+12	0.1914	0.1914	4.0093E+11	0.00E+00	0.00E+00	0.00E+00
13.0	1.4987E+04	0.00E+00	0.00E+00	3.6918	3.6918	0.00E+00	0.00E+00	1.00E+00	1.00E+00	5.4644E+12	5.4644E+12	4.1269E+12	0.1914	0.1914	4.0093E+11	0.00E+00	0.00E+00	0.00E+00
14.0	1.4987E+04	0.00E+00	0.00E+00	3.6918	3.6918	0.00E+00	0.00E+00	1.00E+00	1.00E+00	5.4644E+12	5.4644E+12	4.1269E+12	0.1914	0.1914	4.0093E+11	0.00E+00	0.00E+00	0.00E+00
15.0	1.4987E+04	0.00E+00	0.00E+00	3.6918	3.6918	0.00E+00	0.00E+00	1.00E+00	1.00E+00	5.4644E+12	5.4644E+12	4.1269E+12	0.1914	0.1914	4.0093E+11	0.00E+00	0.00E+00	0.00E+00
16.0	1.4987E+04	0.00E+00	0.00E+00	3.6918	3.6918	0.00E+00	0.00E+00	1.00E+00	1.00E+00	5.4644E+12	5.4644E+12	4.1269E+12	0.1914	0.1914	4.0093E+11	0.00E+00	0.00E+00	0.00E+00
17.0	1.4526E+04	0.00E+00	0.00E+00	3.6924	3.6924	0.00E+00	0.00E+00	1.00E+00	1.00E+00	5.2981E+12	5.2981E+12	4.0013E+12	0.1914	0.1914	3.8860E+11	0.00E+00	0.00E+00	0.00E+00
18.0	1.4526E+04	0.00E+00	0.00E+00	3.6924	3.6924	0.00E+00	0.00E+00	1.00E+00	1.00E+00	5.2981E+12	5.2981E+12	4.0013E+12	0.1914	0.1914	3.8860E+11	0.00E+00	0.00E+00	0.00E+00
19.0	1.4526E+04	0.00E+00	0.00E+00	3.6924	3.6924	0.00E+00	0.00E+00	1.00E+00	1.00E+00	5.2981E+12	5.2981E+12	4.0013E+12	0.1914	0.1914	3.8860E+11	0.00E+00	0.00E+00	0.00E+00
20.0	1.4526E+04	0.00E+00	0.00E+00	3.6924	3.6924	0.00E+00	0.00E+00	1.00E+00	1.00E+00	5.2981E+12	5.2981E+12	4.0013E+12	0.1914	0.1914	3.8860E+11	0.00E+00	0.00E+00	0.00E+00
21.0	1.4526E+04	0.00E+00	0.00E+00	3.6924	3.6924	0.00E+00	0.00E+00	1.00E+00	1.00E+00	5.2981E+12	5.2981E+12	4.0013E+12	0.1914	0.1914	3.8860E+11	0.00E+00	0.00E+00	0.00E+00
22.0	1.4526E+04	0.00E+00	0.00E+00	3.6924	3.6924	0.00E+00	0.00E+00	1.00E+00	1.00E+00	5.2981E+12	5.2981E+12	4.0013E+12	0.1914	0.1914	3.8860E+11	0.00E+00	0.00E+00	0.00E+00
23.0	1.4091E+04	0.00E+00	0.00E+00	3.6930	3.6930	0.00E+00	0.00E+00	1.00E+00	1.00E+00	5.1409E+12	5.1409E+12	3.8826E+12	0.1914	0.1914	3.7694E+11	0.00E+00	0.00E+00	0.00E+00
24.0	1.4091E+04	0.00E+00	0.00E+00	3.6930	3.6930	0.00E+00	0.00E+00	1.00E+00	1.00E+00	5.1409E+12	5.1409E+12	3.8826E+12	0.1914	0.1914	3.7694E+11	0.00E+00	0.00E+00	0.00E+00
25.0	1.4091E+04	0.00E+00	0.00E+00	3.6930	3.6930	0.00E+00	0.00E+00	1.00E+00	1.00E+00	5.1409E+12	5.1409E+12	3.8826E+12	0.1914	0.1914	3.7694E+11	0.00E+00	0.00E+00	0.00E+00
26.0	1.4091E+04	0.00E+00	0.00E+00	3.6930	3.6930	0.00E+00	0.00E+00	1.00E+00	1.00E+00	5.1409E+12	5.1409E+12	3.8826E+12	0.1914	0.1914	3.7694E+11	0.00E+00	0.00E+00	0.00E+00
27.0	1.4091E+04	0.00E+00	0.00E+00	3.6930	3.6930	0.00E+00	0.00E+00	1.00E+00	1.00E+00	5.1409E+12	5.1409E+12	3.8826E+12	0.1914	0.1914	3.7694E+11	0.00E+00	0.00E+00	0.00E+00
28.0	1.3629E+04	0.00E+00	0.00E+00	3.6937	3.6937	0.00E+00	0.00E+00	1.00E+00	1.00E+00	4.9743E+12	4.9743E+12	3.7568E+12	0.1914	0.1914	3.6460E+11	0.00E+00	0.00E+00	0.00E+00
29.0	1.3629E+04	0.00E+00	0.00E+00	3.6937	3.6937	0.00E+00	0.00E+00	1.00E+00	1.00E+00	4.9743E+12	4.9743E+12	3.7568E+12	0.1914	0.1914	3.6460E+11	0.00E+00	0.00E+00	0.00E+00
30.0	1.3629E+04	0.00E+00	0.00E+00	3.6937	3.6937	0.00E+00	0.00E+00	1.00E+00	1.00E+00	4.9743E+12	4.9743E+12	3.7568E+12	0.1914	0.1914	3.6460E+11	0.00E+00	0.00E+00	0.00E+00
31.0	1.3629E+04	0.00E+00	0.00E+00	3.6937	3.6937	0.00E+00	0.00E+00	1.00E+00	1.00E+00	4.9743E+12	4.9743E+12	3.7568E+12	0.1914	0.1914	3.6460E+11	0.00E+00	0.00E+00	0.00E+00
32.0	1.3629E+04	0.00E+00	0.00E+00	3.6937	3.6937	0.00E+00	0.00E+00	1.00E+00	1.00E+00	4.9743E+12	4.9743E+12	3.7568E+12	0.1914	0.1914	3.6460E+11	0.00E+00	0.00E+00	0.00E+00
33.0	1.3629E+04	0.00E+00	0.00E+00	3.6937	3.6937	0.00E+00	0.00E+00	1.00E+00	1.00E+00	4.9743E+12	4.9743E+12	3.7568E+12	0.1914	0.1914	3.6460E+11	0.00E+00	0.00E+00	0.00E+00
34.0	1.3193E+04	0.00E+00	0.00E+00	3.6943	3.6943	0.00E+00	0.00E+00	1.00E+00	1.00E+00	4.8168E+12	4.8168E+12	3.6378E+12	0.1914	0.1914	3.5294E+11	0.00E+00	0.00E+00	0.00E+00
35.0	1.3193E+04	0.00E+00	0.00E+00	3.6943	3.6943	0.00E+00	0.00E+00	1.00E+00	1.00E+00	4.8168E+12	4.8168E+12	3.6378E+12	0.1914	0.1914	3.5294E+11	0.00E+00	0.00E+00	0.00E+00
36.0	1.3193E+04	0.00E+00	0.00E+00	3.6943	3.6943	0.00E+00	0.00E+00	1.00E+00	1.00E+00	4.8168E+12	4.8168E+12	3.6378E+12	0.1914	0.1914	3.5294E+11	0.00E+00	0.00E+00	0.00E+00
37.0	1.3193E+04	0.00E+00	0.00E+00	3.6943	3.6943	0.00E+00	0.00E+00	1.00E+00	1.00E+00	4.8168E+12	4.8168E+12	3.6378E+12	0.1914	0.1914	3.5294E+11	0.00E+00	0.00E+00	0.00E+00
38.0	1.3193E+04	0.00E+00	0.00E+00	3.6943	3.6943	0.00E+00	0.00E+00	1.00E+00	1.00E+00	4.8168E+12	4.8168E+12	3.6378E+12	0.1914	0.1914	3.5294E+11	0.00E+00	0.00E+00	0.00E+00
39.0	1.3193E+04	0.00E+00	0.00E+00	3.6943	3.6943	0.00E+00	0.00E+00	1.00E+00	1.00E+00	4.8168E+12	4.8168E+12	3.6378E+12	0.1914	0.1914	3.5294E+11	0.00E+00	0.00E+00	0.00E+00
40.0	1.2757E+04	0.00E+00	0.00E+00	3.6949	3.6949	0.00E+00	0.00E+00	1.00E+00	1.00E+00	4.6591E+12	4.6591E+12	3.5188E+12	0.1914	0.1914	3.4128E+11	0.00E+00	0.00E+00	0.00E+00
41.0	1.2757E+04	0.00E+00	0.00E+00	3.6949	3.6949	0.00E+00	0.00E+00	1.00E+00	1.00E+00	4.6591E+12	4.6591E+12	3.5188E+12	0.1914	0.1914	3.4128E+11	0.00E+00	0.00E+00	0.00E+00
42.0	1.2757E+04	0.00E+00	0.00E+00	3.6949	3.6949	0.00E+00	0.00E+00	1.00E+00	1.00E+00	4.6591E+12	4.6591E+12	3.5188E+12	0.1914	0.1914	3.4128E+11	0.00E+00	0.00E+00	0.00E+00
43.0	1.2757E+04	0.00E+00	0.00E+00	3.6949	3.6949	0.00E+00	0.00E+00	1.00E+00	1.00E+00	4.6591E+12	4.6591E+12	3.5188E+12	0.1914	0.1914	3.4128E+11	0.00E+00	0.00E+00	0.00E+00
44.0	1.2757E+04	0.00E+00	0.00E+00	3.6949	3.6949	0.00E+00	0.00E+00	1.00E+00	1.00E+00	4.6591E+12	4.6591E+12	3.5188E+12	0.1914	0.1914	3.4128E+11	0.00E+00	0.00E+00	0.00E+00
45.0	1.2296E+04	0.00E+00	0.00E+00	3.6955	3.6955	0.00E+00	0.00E+00	1.00E+00	1.00E+00	4.4920E+12	4.4920E+12	3.3925E+12	0.1914	0.1914	3.2893E+11	0.00E+00	0.00E+00	0.00E+00
46.0	1.2296E+04	0.00E+00	0.00E+00	3.6955	3.6955	0.00E+00	0.00E+00	1.00E+00	1.00E+00	4.4920E+12	4.4920E+12	3.3925E+12	0.1914	0.1914	3.2893E+11	0.00E+00	0.00E+00	0.00E+00
47.0	1.2296E+04	0.00E+00	0.00E+00	3.6955	3.6955	0.00E+00	0.00E+00	1.00E+00	1.00E+00	4.4920E+12	4.4920E+12	3.3925E+12	0.1914	0.1914	3.2893E+11	0.00E+00	0.00E+00	0.00E+00
48.0	1.2296E+04	0.00E+00	0.00E+00	3.6955	3.6955	0.00E+00	0.00E+00	1.00E+00	1.00E+00	4.4920E+12	4.4920E+12	3.3925E+12	0.1914	0.1914	3.2893E+11	0.00E+00	0.00E+00	0.00E+00
49.0	1.2296E+04	0.00E+00	0.00E+00	3.6955	3.6955	0.00E+00	0.00E+00	1.00E+00	1.00E+00	4.4920E+12	4.4920E+12	3.3925E+12	0.1914	0.1914	3.2893E+11	0.00E+00	0.00E+00	0.00E+00
50.0	1.2296E+04	0.00E+00	0.00E+00	3.6955	3.6955	0.00E+00	0.00E+00	1.00E+00	1.00E+00	4.4920E+12	4.4920E+12	3.3925E+12	0.1914	0.1914	3.2893E+11	0.00E+00	0.00E+00	0.00E+00
51.0	1.1859E+04	0.00E+00	0.00E+00	3.6961	3.6961	0.00E+00	0.00E+00	1.00E+00	1.00E+00	4.3340E+12	4.3340E+12	3.2732E+12	0.1914	0.1914	3.1726E+11	0.00E+00	0.00E+00	0.00E+00
52.0	1.1859E+04	0.00E+00	0.00E+00	3.6961	3.6961	0.00E+00	0.00E+00	1.00E+00	1.00E+00	4.3340E+12	4.3340E+12	3.2732E+12	0.1914	0.1914	3.1726E+11	0.00E+00	0.00E+00	0.00E+00
53.0	1.1859E+04	0.00E+00	0.00E+00	3.6961	3.6961	0.00E+00	0.00E+00	1.00E+00	1.00E+00	4.3340E+12	4.3340E+12	3.2732E+12	0.1914	0.1914	3.1726E+11	0.00E+00	0.00E+00	0.00E+00
54.0	1.1859E+04	0.00E+00	0.00E+00	3.6961	3.6961	0.00E+00	0.00E+00	1.00E+00	1.00E+00	4.3340E+12	4.3340E+12	3.2732E+12	0.1914	0.1914	3.1726E+11	0.00E+00	0.00E+00	0.00E+00
55.0	1.1859E+04	0.00E+00	0.00E+00	3.6961	3.6961	0.00E+00	0.00E+00	1.00E+00	1.00E+00	4.3340E+12	4.3340E+12	3.2732E+12	0.1914	0.1914	3.1726E+11	0.00E+00	0.00E+00	0.00E+00
56.0	1.1423E+04	0.00E+00	0.00E+00	3.6967	3.6967	0.00E+00	0.00E+00	1.00E+00	1.00E+00	4.1759E+12	4.1759E+12	3.1538E+12	0.1914	0.1914	3.0558E+11	0.00E+00	0.00E+00	0.00E+00
57.0	1.1423E+04	0.00E+00	0.00E+00	3.6967	3.6967	0.00E+00	0.00E+00	1.00E+00	1.00E+00	4.1759E+12	4.1759E+12	3.1538E+12	0.1914	0.1914	3.0558E+11	0.00E+00	0.00E+00	0.00E+00
58.0	1.1423E+04	0.00E+00	0.00E+00	3.6967	3.6967	0.00E+00	0.00E+00	1.00E+00	1.00E+00	4.1759E+12	4.1759E+12	3.1538E+12	0.1914	0.1914	3.0558E+11	0.00E+00	0.00E+00	0.00E+00
59.0	1.1423E+04	0.00E+00	0.00E+00	3.6967	3.6967	0.00E+00	0.00E+00	1.00E+00	1.00E+00	4.1759E+12	4.1759E+12	3.1538E+12	0.1914	0.1914	3.0558E+11	0.00E+00	0.00E+00	0.00E+00
60.0	1.1423E+04	0.00E+00	0.00E+00	3.6967	3.6967	0.00E+00	0.00E+00	1.00E+00	1.00E+00	4.1759E+12	4.1759E+12	3.1538E+12	0.1914	0.1914	3.0558E+11	0.00E+00	0.00E+00	0.00E+00
61.0	1.1423E+04	0.00E+00	0.00E+00	3.6967	3.6967	0.00E+00	0.00E+00	1.00E+00	1.00E+00	4.1759E+12	4.1759E+12	3.1538E+12	0.1914	0.1914	3.0558E+11	0.00E+00	0.00E+00	0.00E+00
62.0	1.0961E+04	0.00E+00	0.00E+00	3.6973	3.6973	0.00E+00	0.00E+00	1.00E+00	1.00E+00	4.0083E+12	4.0083E+12	3.0272E+12	0.1914	0.1914	2.9321E+11	0.00E+00	0.00E+00	0.00E+00
63.0	1.0961E+04	0.00E+00	0.00E+00	3.6973	3.6973	0.00E+00	0.00E+00	1.00E+00	1.00E+00	4.0083E+12	4.0083E+12	3.0272E+12	0.1914	0.1914	2.9321E+11	0.00E+00	0.00E+00	0.00E+00
64.0	1.0961E+04	0.00E+00	0.00E+00	3.6973	3.6973	0.00E+00	0.00E+00	1.00E+00	1.00E+00	4.0083E+12	4.0083E+12	3.0272E+12	0.1914	0.1914	2.9321E+11	0.00E+00	0.00E+00	0.00E+00
65.0	1.0961E+04	0.00E+00	0.00E+00	3.6973	3.6973	0.00E+00	0.00E+00	1.00E+00	1.00E+00	4.0083E+12	4.0083E+12	3.0272E+12	0.1914	0.1914	2.9321E+11	0.00E+00	0.00E+00	0.00E+00
66.0	1.0961E+04	0.00E+00	0.00E+00	3.6973	3.6973	0.00E+00	0.00E+00	1.00E+00	1.00E+00	4.0083E+12	4.0083E+12	3.0272E+12	0.1914	0.1914	2.9321E+11	0.00E+00	0.00E+00	0.00E+00
67.0	1.0961E+04	0.00E+00	0.00E+00	3.6973	3.6973	0.00E+00	0.00E+00	1.00E+00	1.00E+00	4.0083E+12	4.0083E+12	3.0272E+12	0.1914	0.1914	2.9321E+11	0.00E+00	0.00E+00	0.00E+00
68.0	1.0524E+04	0.00E+00	0.00E+00	3.6979	3.6979	0.00E+00	0.00E+00	1.00E+00	1.00E+00	3.8498E+12	3.8498E+12	2.9075E+12	0.1914	0.1914	2.8153E+11	0.00E+00	0.00E+00	0.00E+00
69.0	1.0524E+04	0.00E+00	0.00E+00	3.6979	3.6979	0.00E+00	0.00E+00	1.00E+00	1.00E+00	3.8498E+12	3.8498E+12	2.9075E+12	0.1914	0.1914	2.8153E+11	0.00E+00	0.00E+00	0.00E+00
70.0	1.0524E+04	0.00E+00	0.00E+00	3.6979	3.6979	0.00E+00	0.00E+00	1.00E+00	1.00E+00	3.8498E+12	3.8498E+12	2.9075E+12	0.1914	0.1914	2.8153E+11	0.00E+00	0.00E+00	0.00E+00
71.0	1.0524E+04	0.00E+00	0.00E+00	3.6979	3.6979	0.00E+00	0.00E+00	1.00E+00	1.00E+00	3.8498E+12	3.8498E+12	2.9075E+12	0.1914	0.1914	2.8153E+11	0.00E+00	0.00E+00	0.00E+00
72.0	1.0524E+04	0.00E+00	0.00E+00	3.6979	3.6979	0.00E+00	0.00E+00	1.00E+00	1.00E+00	3.8498E+12	3.8498E+12	2.9075E+12	0.1914	0.1914	2.8153E+11	0.00E+00	0.00E+00	0.00E+00
73.0	1.0087E+04	0.00E+00	0.00E+00	3.6985	3.6985	0.00E+00	0.00E+00	1.00E+00	1.00E+00	3.6912E+12	3.6912E+12	2.7877E+12	0.1914	0.1914	2.6985E+11	0.00E+00	0.00E+00	0.00E+00
74.0	1.0087E+04	0.00E+00	0.00E+00	3.6985	3.6985	0.00E+00	0.00E+00	1.00E+00	1.00E+00	3.6912E+12	3.6912E+12	2.7877E+12	0.1914	0.1914	2.6985E+11	0.00E+00	0.00E+00	0.00E+00
75.0	1.0087E+04	0.00E+00	0.00E+00	3.6985	3.6985	0.00E+00	0.00E+00	1.00E+00	1.00E+00	3.6912E+12	3.6912E+12	2.7877E+12	0.1914	0.1914	2.6985E+11	0.00E+00	0.00E+00	0.00E+00
76.0	1.0087E+04	0.00E+00	0.00E+00	3.6985	3.6985	0.00E+00	0.00E+00	1.00E+00	1.00E+00	3.6912E+12	3.6912E+12	2.7877E+12	0.1914	0.1914	2.6985E+11	0.00E+00	0.00E+00	0.00E+00
77.0	1.0087E+04	0.00E+00	0.00E+00	3.6985	3.6985	0.00E+00	0.00E+00	1.00E+00	1.00E+00	3.6912E+12	3.6912E+12	2.7877E+12	0.1914	0.1914	2.6985E+11	0.00E+00	0.00E+00	0.00E+00
78.0	1.0087E+04	0.00E+00	0.00E+00	3.6985	3.6985	0.00E+00	0.00E+00	1.00E+00	1.00E+00	3.6912E+12	3.6912E+12	2.7877E+12	0.1914	0.1914	2.6985E+11	0.00E+00	0.00E+00	0.00E+00
79.0	9.6244E+03	0.00E+00	0.00E+00	3.6991	3.6991	0.00E+00	0.00E+00	1.00E+00	1.00E+00	3.5231E+12	3.5231E+12	2.6608E+12	0.1914	0.1914	2.5747E+11	0.00E+00	0.00E+00	0.00E+00
80.0	9.6244E+03	0.00E+00	0.00E+00	3.6991	3.6991	0.00E+00	0.00E+00	1.00E+00	1.00E+00	3.5231E+12	3.5231E+12	2.6608E+12	0.1914	0.1914	2.5747E+11	0.00E+00	0.00E+00	0.00E+00
81.0	9.6244E+03	0.00E+00	0.00E+00	3.6991	3.6991	0.00E+00	0.00E+00	1.00E+00	1.00E+00	3.5231E+12	3.5231E+12	2.6608E+12	0.1914	0.1914	2.5747E+11	0.00E+00	0.00E+00	0.00E+00
82.0	9.6244E+03	0.00E+00	0.00E+00	3.6991	3.6991	0.00E+00	0.00E+00	1.00E+00	1.00E+00	3.5231E+12	3.5231E+12	2.6608E+12	0.1914	0.1914	2.5747E+11	0.00E+00	0.00E+00	0.00E+00
83.0	9.6244E+03	0.00E+00	0.00E+00	3.6991	3.6991	0.00E+00	0.00E+00	1.00E+00	1.00E+00	3.5231E+12	3.5231E+12	2.6608E+12	0.1914	0.1914	2.5747E+11	0.00E+00	0.00E+00	0.00E+00
84.0	9.2467E+03	0.00E+00	0.00E+00	3.5925	3.5925	0.00E+00	0.00E+00	1.00E+00	1.00E+00	3.1925E+12	3.1925E+12	2.4111E+12	0.1914	0.1914	2.4736E+11	0.00E+00	0.00E+00	0.00E+00
85.0	9.2467E+03	0.00E+00	0.00E+00	3.5925	3.5925	0.00E+00	0.00E+00	1.00E+00	1.00E+00	3.1925E+12	3.1925E+12	2.4111E+12	0.1914	0.1914	2.4736E+11	0.00E+00	0.00E+00	0.00E+00
86.0	9.2467E+03	0.00E+00	0.00E+00	3.5925	3.5925	0.00E+00	0.00E+00	1.00E+00	1.00E+00	3.1925E+12	3.1925E+12	2.4111E+12	0.1914	0.1914	2.4736E+11	0.00E+00	0.00E+00	0.00E+00
87.0	9.2467E+03	0.00E+00	0.00E+00	3.5925	3.5925	0.00E+00	0.00E+00	1.00E+00	1.00E+00	3.1925E+12	3.1925E+12	2.4111E+12	0.1914	0.1914	2.4736E+11	0.00E+00	0.00E+00	0.00E+00
88.0	9.2467E+03	0.00E+00	0.00E+00	3.5925	3.5925	0.00E+00	0.00E+00	1.00E+00	1.00E+00	3.1925E+12	3.1925E+12	2.4111E+12	0.1914	0.1914	2.4736E+11	0.00E+00	0.00E+00	0.00E+00
89.0	9.2467E+03	0.00E+00	0.00E+00	3.5925	3.5925	0.00E+00	0.00E+00	1.00E+00	1.00E+00	3.1925E+12	3.1925E+12	2.4111E+12	0.1914	0.1914	2.4736E+11	0.00E+00	0.00E+00	0.00E+00
90.0	8.8490E+03	0.00E+00	0.00E+00	3.4852	3.4852	0.00E+00	0.00E+00	1.00E+00	1.00E+00	2.8754E+12	2.8754E+12	2.1716E+12	0.1914	0.1914	2.3672E+11	0.00E+00	0.00E+00	0.00E+00
91.0	8.8490E+03	0.00E+00	0.00E+00	3.4852	3.4852	0.00E+00	0.00E+00	1.00E+00	1.00E+00	2.8754E+12	2.8754E+12	2.1716E+12	0.1914	0.1914	2.3672E+11	0.00E+00	0.00E+00	0.00E+00
92.0	8.8490E+03	0.00E+00	0.00E+00	3.4852	3.4852	0.00E+00	0.00E+00	1.00E+00	1.00E+00	2.8754E+12	2.8754E+12	2.1716E+12	0.1914	0.1914	2.3672E+11	0.00E+00	0.00E+00	0.00E+00
93.0	8.8490E+03	0.00E+00	0.00E+00	3.4852	3.4852	0.00E+00	0.00E+00	1.00E+00	1.00E+00	2.8754E+12	2.8754E+12	2.1716E+12	0.1914	0.1914	2.3672E+11	0.00E+00	0.00E+00	0.00E+00
94.0	8.8490E+03	0.00E+00	0.00E+00	3.4852	3.4852	0.00E+00	0.00E+00	1.00E+00	1.00E+00	2.8754E+12	2.8754E+12	2.1716E+12	0.1914	0.1914	2.3672E+11	0.00E+00	0.00E+00	0.00E+00
95.0	8.8490E+03	0.00E+00	0.00E+00	3.4852	3.4852	0.00E+00	0.00E+00	1.00E+00	1.00E+00	2.8754E+12	2.8754E+12	2.1716E+12	0.1914	0.1914	2.3672E+11	0.00E+00	0.00E+00	0.00E+00
96.0	8.4605E+03	0.00E+00	0.00E+00	3.3786	3.3786	0.00E+00	0.00E+00	1.00E+00	1.00E+00	2.5836E+12	2.5836E+12	1.9512E+12	0.1914	0.1914	2.2633E+11	0.00E+00	0.00E+00	0.00E+00
97.0	8.4605E+03	0.00E+00	0.00E+00	3.3786	3.3786	0.00E+00	0.00E+00	1.00E+00	1.00E+00	2.5836E+12	2.5836E+12	1.9512E+12	0.1914	0.1914	2.2633E+11	0.00E+00	0.00E+00	0.00E+00
98.0	8.4605E+03	0.00E+00	0.00E+00	3.3786	3.3786	0.00E+00	0.00E+00	1.00E+00	1.00E+00	2.5836E+12	2.5836E+12	1.9512E+12	0.1914	0.1914	2.2633E+11	0.00E+00	0.00E+00	0.00E+00
99.0	8.4605E+03	0.00E+00	0.00E+00	3.3786	3.3786	0.00E+00	0.00E+00	1.00E+00	1.00E+00	2.5836E+12	2.5836E+12	1.9512E+12	0.1914	0.1914	2.2633E+11	0.00E+00	0.00E+00	0.00E+00
100.0	8.4605E+03	0.00E+00	0.00E+00	3.3786	3.3786	0.00E+00	0.00E+00	1.00E+00	1.00E+00	2.5836E+12	2.5836E+12	1.9512E+12	0.1914	0.1914	2.2633E+11	0.00E+00	0.00E+00	0.00E+00
101.0	8.1004E+03	0.00E+00	0.00E+00	3.2713	3.2713	0.00E+00	0.00E+00	1.00E+00	1.00E+00	2.3189E+12	2.3189E+12	1.7514E+12	0.1914	0.1914	2.1670E+11	0.00E+00	0.00E+00	0.00E+00
102.0	8.1004E+03	0.00E+00	0.00E+00	3.2713	3.2713	0.00E+00	0.00E+00	1.00E+00	1.00E+00	2.3189E+12	2.3189E+12	1.7514E+12	0.1914	0.1914	2.1670E+11	0.00E+00	0.00E+00	0.00E+00
103.0	8.1004E+03	0.00E+00	0.00E+00	3.2713	3.2713	0.00E+00	0.00E+00	1.00E+00	1.00E+00	2.3189E+12	2.3189E+12	1.7514E+12	0.1914	0.1914	2.1670E+11	0.00E+00	0.00E+00	0.00E+00
104.0	8.1004E+03	0.00E+00	0.00E+00	3.2713	3.2713	0.00E+00	0.00E+00	1.00E+00	1.00E+00	2.3189E+12	2.3189E+12	1.7514E+12	0.1914	0.1914	2.1670E+11	0.00E+00	0.00E+00	0.00E+00
105.0	8.1004E+03	0.00E+00	0.00E+00	3.2713	3.2713	0.00E+00	0.00E+00	1.00E+00	1.00E+00	2.3189E+12	2.3189E+12	1.7514E+12	0.1914	0.1914	2.1670E+11	0.00E+00	0.00E+00	0.00E+00
106.0	8.1004E+03	0.00E+00	0.00E+00	3.2713	3.2713	0.00E+00	0.00E+00	1.00E+00	1.00E+00	2.3189E+12	2.3189E+12	1.7514E+12	0.1914	0.1914	2.1670E+11	0.00E+00	0.00E+00	0.00E+00
107.0	7.7261E+03	0.00E+00	0.00E+00	3.1647	3.1647	0.00E+00	0.00E+00	1.00E+00	1.00E+00	2.0700E+12	2.0700E+12	1.5633E+12	0.1914	0.1914	2.0668E+11	0.00E+00	0.00E+00	0.00E+00
108.0	7.7261E+03	0.00E+00	0.00E+00	3.1647	3.1647	0.00E+00	0.00E+00	1.00E+00	1.00E+00	2.0700E+12	2.0700E+12	1.5633E+12	0.1914	0.1914	2.0668E+11	0.00E+00	0.00E+00	0.00E+00
109.0	7.7261E+03	0.00E+00	0.00E+00	3.1647	3.1647	0.00E+00	0.00E+00	1.00E+00	1.00E+00	2.0700E+12	2.0700E+12	1.5633E+12	0.1914	0.1914	2.0668E+11	0.00E+00	0.00E+00	0.00E+00
110.0	7.7261E+03	0.00E+00	0.00E+00	3.1647	3.1647	0.00E+00	0.00E+00	1.00E+00	1.00E+00	2.0700E+12	2.0700E+12	1.5633E+12	0.1914	0.1914	2.0668E+11	0.00E+00	0.00E+00	0.00E+00
111.0	7.7261E+03	0.00E+00	0.00E+00	3.1647	3.1647	0.00E+00	0.00E+00	1.00E+00	1.00E+00	2.0700E+12	2.0700E+12	1.5633E+12	0.1914	0.1914	2.0668E+11	0.00E+00	0.00E+00	0.00E+00
112.0	7.3575E+03	0.00E+00	0.00E+00	3.0574	3.0574	0.00E+00	0.00E+00	1.00E+00	1.00E+00	1.8398E+12	1.8398E+12	1.3895E+12	0.1914	0.1914	1.9682E+11	0.00E+00	0.00E+00	0.00E+00
113.0	7.3575E+03	0.00E+00	0.00E+00	3.0574	3.0574	0.00E+00	0.00E+00	1.00E+00	1.00E+00	1.8398E+12	1.8398E+12	1.3895E+12	0.1914	0.1914	1.9682E+11	0.00E+00	0.00E+00	0.00E+00
114.0	7.3575E+03	0.00E+00	0.00E+00	3.0574	3.0574	0.00E+00	0.00E+00	1.00E+00	1.00E+00	1.8398E+12	1.8398E+12	1.3895E+12	0.1914	0.1914	1.9682E+11	0.00E+00	0.00E+00	0.00E+00
115.0	7.3575E+03	0.00E+00	0.00E+00	3.0574	3.0574	0.00E+00	0.00E+00	1.00E+00	1.00E+00	1.8398E+12	1.8398E+12	1.3895E+12	0.1914	0.1914	1.9682E+11	0.00E+00	0.00E+00	0.00E+00
116.0	7.3575E+03	0.00E+00	0.00E+00	3.0574	3.0574	0.00E+00	0.00E+00	1.00E+00	1.00E+00	1.8398E+12	1.8398E+12	1.3895E+12	0.1914	0.1914	1.9682E+11	0.00E+00	0.00E+00	0.00E+00
117.0	7.3575E+03	0.00E+00	0.00E+00	3.0574	3.0574	0.00E+00	0.00E+00	1.00E+00	1.00E+00	1.8398E+12	1.8398E+12	1.3895E+12	0.1914	0.1914	1.9682E+11	0.00E+00	0.00E+00	0.00E+00
118.0	7.0185E+03	0.00E+00	0.00E+00	2.9507	2.9507	0.00E+00	0.00E+00	1.00E+00	1.00E+00	1.6348E+12	1.6348E+12	1.2347E+12	0.1914	0.1914	1.8776E+11	0.00E+00	0.00E+00	0.00E+00
119.0	7.0185E+03	0.00E+00	0.00E+00	2.9507	2.9507	0.00E+00	0.00E+00	1.00E+00	1.00E+00	1.6348E+12	1.6348E+12	1.2347E+12	0.1914	0.1914	1.8776E+11	0.00E+00	0.00E+00	0.00E+00
120.0	7.0185E+03	0.00E+00	0.00E+00	2.9507	2.9507	0.00E+00	0.00E+00	1.00E+00	1.00E+00	1.6348E+12	1.6348E+12	1.2347E+12	0.1914	0.1914	1.8776E+11	0.00E+00	0.00E+00	0.00E+00
121.0	7.0185E+03	0.00E+00	0.00E+00	2.9507	2.9507	0.00E+00	0.00E+00	1.00E+00	1.00E+00	1.6348E+12	1.6348E+12	1.2347E+12	0.1914	0.1914	1.8776E+11	0.00E+00	0.00E+00	0.00E+00
122.0	7.0185E+03	0.00E+00	0.00E+00	2.9507	2.9507	0.00E+00	0.00E+00	1.00E+00	1.00E+00	1.6348E+12	1.6348E+12	1.2347E+12	0.1914	0.1914	1.8776E+11	0.00E+00	0.00E+00	0.00E+00
123.0	6.6658E+03	0.00E+00	0.00E+00	2.8441	2.8441	0.00E+00	0.00E+00	1.00E+00	1.00E+00	1.4425E+12	1.4425E+12	1.0894E+12	0.1914	0.1914	1.7832E+11	0.00E+00	0.00E+00	0.00E+00
124.0	6.6658E+03	0.00E+00	0.00E+00	2.8441	2.8441	0.00E+00	0.00E+00	1.00E+00	1.00E+00	1.4425E+12	1.4425E+12	1.0894E+12	0.1914	0.1914	1.7832E+11	0.00E+00	0.00E+00	0.00E+00
125.0	6.6658E+03	0.00E+00	0.00E+00	2.8441	2.8441	0.00E+00	0.00E+00	1.00E+00	1.00E+00	1.4425E+12	1.4425E+12	1.0894E+12	0.1914	0.1914	1.7832E+11	0.00E+00	0.00E+00	0.00E+00
126.0	6.6658E+03	0.00E+00	0.00E+00	2.8441	2.8441	0.00E+00	0.00E+00	1.00E+00	1.00E+00	1.4425E+12	1.4425E+12	1.0894E+12	0.1914	0.1914	1.7832E+11	0.00E+00	0.00E+00	0.00E+00
127.0	6.6658E+03	0.00E+00	0.00E+00	2.8441	2.8441	0.00E+00	0.00E+00	1.00E+00	1.00E+00	1.4425E+12	1.4425E+12	1.0894E+12	0.1914	0.1914	1.7832E+11	0.00E+00	0.00E+00	0.00E+00
128.0	6.6658E+03	0.00E+00	0.00E+00	2.8441	2.8441	0.00E+00	0.00E+00	1.00E+00	1.00E+00	1.4425E+12	1.4425E+12	1.0894E+12	0.1914	0.1914	1.7832E+11	0.00E+00	0.00E+00	0.00E+00
129.0	6.3379E+03	0.00E+00	0.00E+00	2.7368	2.7368	0.00E+00	0.00E+00	1.00E+00	1.00E+00	1.2699E+12	1.2699E+12	9.5911E+11	0.1914	0.1914	1.6955E+11	0.00E+00	0.00E+00	0.00E+00
130.0	6.3379E+03	0.00E+00	0.00E+00	2.7368	2.7368	0.00E+00	0.00E+00	1.00E+00	1.00E+00	1.2699E+12	1.2699E+12	9.5911E+11	0.1914	0.1914	1.6955E+11	0.00E+00	0.00E+00	0.00E+00
131.0	6.3379E+03	0.00E+00	0.00E+00	2.7368	2.7368	0.00E+00	0.00E+00	1.00E+00	1.00E+00	1.2699E+12	1.2699E+12	9.5911E+11	0.1914	0.1914	1.6955E+11	0.00E+00	0.00E+00	0.00E+00
132.0	6.3379E+03	0.00E+00	0.00E+00	2.7368	2.7368	0.00E+00	0.00E+00	1.00E+00	1.00E+00	1.2699E+12	1.2699E+12	9.5911E+11	0.1914	0.1914	1.6955E+11	0.00E+00	0.00E+00	0.00E+00
133.0	6.3379E+03	0.00E+00	0.00E+00	2.7368	2.7368	0.00E+00	0.00E+00	1.00E+00	1.00E+00	1.2699E+12	1.2699E+12	9.5911E+11	0.1914	0.1914	1.6955E+11	0.00E+00	0.00E+00	0.00E+00
134.0	6.3379E+03	0.00E+00	0.00E+00	2.7368	2.7368	0.00E+00	0.00E+00	1.00E+00	1.00E+00	1.2699E+12	1.2699E+12	9.5911E+11	0.1914	0.1914	1.6955E+11	0.00E+00	0.00E+00	0.00E+00
135.0	5.9993E+03	0.00E+00	0.00E+00	2.6302	2.6302	0.00E+00	0.00E+00	1.00E+00	1.00E+00	1.1103E+12	1.1103E+12	8.3852E+11	0.1914	0.1914	1.6049E+11	0.00E+00	0.00E+00	0.00E+00
136.0	5.9993E+03	0.00E+00	0.00E+00	2.6302	2.6302	0.00E+00	0.00E+00	1.00E+00	1.00E+00	1.1103E+12	1.1103E+12	8.3852E+11	0.1914	0.1914	1.6049E+11	0.00E+00	0.00E+00	0.00E+00
137.0	5.9993E+03	0.00E+00	0.00E+00	2.6302	2.6302	0.00E+00	0.00E+00	1.00E+00	1.00E+00	1.1103E+12	1.1103E+12	8.3852E+11	0.1914	0.1914	1.6049E+11	0.00E+00	0.00E+00	0.00E+00
138.0	5.9993E+03	0.00E+00	0.00E+00	2.6302	2.6302	0.00E+00	0.00E+00	1.00E+00	1.00E+00	1.1103E+12	1.1103E+12	8.3852E+11	0.1914	0.1914	1.6049E+11	0.00E+00	0.00E+00	0.00E+00
139.0	5.9993E+03	0.00E+00	0.00E+00	2.6302	2.6302	0.00E+00	0.00E+00	1.00E+00	1.00E+00	1.1103E+12	1.1103E+12	8.3852E+11	0.1914	0.1914	1.6049E+11	0.00E+00	0.00E+00	0.00E+00
140.0	5.6665E+03	0.00E+00	0.00E+00	2.5229	2.5229	0.00E+00	0.00E+00	1.00E+00	1.00E+00	9.6488E+11	9.6488E+11	7.2871E+11	0.1914	0.1914	1.5159E+11	0.00E+00	0.00E+00	0.00E+00
141.0	5.6665E+03	0.00E+00	0.00E+00	2.5229	2.5229	0.00E+00	0.00E+00	1.00E+00	1.00E+00	9.6488E+11	9.6488E+11	7.2871E+11	0.1914	0.1914	1.5159E+11	0.00E+00	0.00E+00	0.00E+00
142.0	5.6665E+03	0.00E+00	0.00E+00	2.5229	2.5229	0.00E+00	0.00E+00	1.00E+00	1.00E+00	9.6488E+11	9.6488E+11	7.2871E+11	0.1914	0.1914	1.5159E+11	0.00E+00	0.00E+00	0.00E+00
143.0	5.6665E+03	0.00E+00	0.00E+00	2.5229	2.5229	0.00E+00	0.00E+00	1.00E+00	1.00E+00	9.6488E+11	9.6488E+11	7.2871E+11	0.1914	0.1914	1.5159E+11	0.00E+00	0.00E+00	0.00E+00
144.0	5.6665E+03	0.00E+00	0.00E+00	2.5229	2.5229	0.00E+00	0.00E+00	1.00E+00	1.00E+00	9.6488E+11	9.6488E+11	7.2871E+11	0.1914	0.1914	1.5159E+11	0.00E+00	0.00E+00	0.00E+00
145.0	5.6665E+03	0.00E+00	0.00E+00	2.5229	2.5229	0.00E+00	0.00E+00	1.00E+00	1.00E+00	9.6488E+11	9.6488E+11	7.2871E+11	0.1914	0.1914	1.5159E+11	0.00E+00	0.00E+00	0.00E+00
146.0	5.3596E+03	0.00E+00	0.00E+00	2.4163	2.4163	0.00E+00	0.00E+00	1.00E+00	1.00E+00	8.3710E+11	8.3710E+11	6.3221E+11	0.1914	0.1914	1.4338E+11	0.00E+00	0.00E+00	0.00E+00
147.0	5.3596E+03	0.00E+00	0.00E+00	2.4163	2.4163	0.00E+00	0.00E+00	1.00E+00	1.00E+00	8.3710E+11	8.3710E+11	6.3221E+11	0.1914	0.1914	1.4338E+11	0.00E+00	0.00E+00	0.00E+00
148.0	5.3596E+03	0.00E+00	0.00E+00	2.4163	2.4163	0.00E+00	0.00E+00	1.00E+00	1.00E+00	8.3710E+11	8.3710E+11	6.3221E+11	0.1914	0.1914	1.4338E+11	0.00E+00	0.00E+00	0.00E+00
149.0	5.3596E+03	0.00E+00	0.00E+00	2.4163	2.4163	0.00E+00	0.00E+00	1.00E+00	1.00E+00	8.3710E+11	8.3710E+11	6.3221E+11	0.1914	0.1914	1.4338E+11	0.00E+00	0.00E+00	0.00E+00
150.0	5.3596E+03	0.00E+00	0.00E+00	2.4163	2.4163	0.00E+00	0.00E+00	1.00E+00	1.00E+00	8.3710E+11	8.3710E+11	6.3221E+11	0.1914	0.1914	1.4338E+11	0.00E+00	0.00E+00	0.00E+00
151.0	5.0534E+03	0.00E+00	0.00E+00	2.3146	2.3146	0.00E+00	0.00E+00	1.00E+00	1.00E+00	7.2427E+11	7.2427E+11	5.4700E+11	0.1914	0.1914	1.3519E+11	0.00E+00	0.00E+00	0.00E+00
152.0	5.0534E+03	0.00E+00	0.00E+00	2.3146	2.3146	0.00E+00	0.00E+00	1.00E+00	1.00E+00	7.2427E+11	7.2427E+11	5.4700E+11	0.1914	0.1914	1.3519E+11	0.00E+00	0.00E+00	0.00E+00
153.0	5.0534E+03	0.00E+00	0.00E+00	2.3146	2.3146	0.00E+00	0.00E+00	1.00E+00	1.00E+00	7.2427E+11	7.2427E+11	5.4700E+11	0.1914	0.1914	1.3519E+11	0.00E+00	0.00E+00	0.00E+00
154.0	5.0534E+03	0.00E+00	0.00E+00	2.3146	2.3146	0.00E+00	0.00E+00	1.00E+00	1.00E+00	7.2427E+11	7.2427E+11	5.4700E+11	0.1914	0.1914	1.3519E+11	0.00E+00	0.00E+00	0.00E+00
155.0	5.0534E+03	0.00E+00	0.00E+00	2.3146	2.3146	0.00E+00	0.00E+00	1.00E+00	1.00E+00	7.2427E+11	7.2427E+11	5.4700E+11	0.1914	0.1914	1.3519E+11	0.00E+00	0.00E+00	0.00E+00
156.0	4.7528E+03	0.00E+00	0.00E+00	2.2123	2.2123	0.00E+00	0.00E+00	1.00E+00	1.00E+00	6.2227E+11	6.2227E+11	4.6996E+11	0.1914	0.1914	1.2715E+11	0.00E+00	0.00E+00	0.00E+00
157.0	4.7528E+03	0.00E+00	0.00E+00	2.2123	2.2123	0.00E+00	0.00E+00	1.00E+00	1.00E+00	6.2227E+11	6.2227E+11	4.6996E+11	0.1914	0.1914	1.2715E+11	0.00E+00	0.00E+00	0.00E+00
158.0	4.7528E+03	0.00E+00	0.00E+00	2.2123	2.2123	0.00E+00	0.00E+00	1.00E+00	1.00E+00	6.2227E+11	6.2227E+11	4.6996E+11	0.1914	0.1914	1.2715E+11	0.00E+00	0.00E+00	0.00E+00
159.0	4.7528E+03	0.00E+00	0.00E+00	2.2123	2.2123	0.00E+00	0.00E+00	1.00E+00	1.00E+00	6.2227E+11	6.2227E+11	4.6996E+11	0.1914	0.1914	1.2715E+11	0.00E+00	0.00E+00	0.00E+00
160.0	4.7528E+03	0.00E+00	0.00E+00	2.2123	2.2123	0.00E+00	0.00E+00	1.00E+00	1.00E+00	6.2227E+11	6.2227E+11	4.6996E+11	0.1914	0.1914	1.2715E+11	0.00E+00	0.00E+00	0.00E+00
161.0	4.7528E+03	0.00E+00	0.00E+00	2.2123	2.2123	0.00E+00	0.00E+00	1.00E+00	1.00E+00	6.2227E+11	6.2227E+11	4.6996E+11	0.1914	0.1914	1.2715E+11	0.00E+00	0.00E+00	0.00E+00
162.0	4.4755E+03	0.00E+00	0.00E+00	2.1106	2.1106	0.00E+00	0.00E+00	1.00E+00	1.00E+00	5.3333E+11	5.3333E+11	4.0279E+11	0.1914	0.1914	1.1973E+11	0.00E+00	0.00E+00	0.00E+00
163.0	4.4755E+03	0.00E+00	0.00E+00	2.1106	2.1106	0.00E+00	0.00E+00	1.00E+00	1.00E+00	5.3333E+11	5.3333E+11	4.0279E+11	0.1914	0.1914	1.1973E+11	0.00E+00	0.00E+00	0.00E+00
164.0	4.4755E+03	0.00E+00	0.00E+00	2.1106	2.1106	0.00E+00	0.00E+00	1.00E+00	1.00E+00	5.3333E+11	5.3333E+11	4.0279E+11	0.1914	0.1914	1.1973E+11	0.00E+00	0.00E+00	0.00E+00
165.0	4.4755E+03	0.00E+00	0.00E+00	2.1106	2.1106	0.00E+00	0.00E+00	1.00E+00	1.00E+00	5.3333E+11	5.3333E+11	4.0279E+11	0.1914	0.1914	1.1973E+11	0.00E+00	0.00E+00	0.00E+00
166.0	4.4755E+03	0.00E+00	0.00E+00	2.1106	2.1106	0.00E+00	0.00E+00	1.00E+00	1.00E+00	5.3333E+11	5.3333E+11	4.0279E+11	0.1914	0.1914	1.1973E+11	0.00E+00	0.00E+00	0.00E+00
167.0	4.4755E+03	0.00E+00	0.00E+00	2.1106	2.1106	0.00E+00	0.00E+00	1.00E+00	1.00E+00	5.3333E+11	5.3333E+11	4.0279E+11	0.1914	0.1914	1.1973E+11	0.00E+00	0.00E+00	0.00E+00
